# relative_time, cycles_done, cur_item, corpus_count, pending_total, pending_favs, map_size, saved_crashes, saved_hangs, max_depth, execs_per_sec, total_execs, edges_found
60, 0, 0, 37, 37, 1, 0.06%, 0, 0, 2, 159.23, 10341, 38
66, 0, 0, 37, 37, 1, 0.06%, 0, 0, 2, 163.47, 11187, 38
71, 0, 0, 37, 37, 1, 0.06%, 0, 0, 2, 157.20, 11997, 38
76, 0, 0, 37, 37, 1, 0.06%, 0, 0, 2, 162.41, 12804, 38
81, 0, 0, 37, 37, 1, 0.06%, 0, 0, 2, 160.89, 13623, 38
86, 0, 0, 37, 37, 1, 0.06%, 0, 0, 2, 155.96, 14421, 38
91, 0, 0, 37, 37, 1, 0.06%, 0, 0, 2, 169.36, 15288, 38
96, 0, 0, 37, 37, 1, 0.06%, 0, 0, 2, 163.22, 16134, 38
101, 0, 0, 37, 37, 1, 0.06%, 0, 0, 2, 163.47, 16953, 38
106, 0, 0, 37, 37, 1, 0.06%, 0, 0, 2, 169.67, 17817, 38
111, 0, 0, 37, 37, 1, 0.06%, 0, 0, 2, 170.74, 18666, 38
116, 0, 0, 37, 37, 1, 0.06%, 0, 0, 2, 163.23, 19476, 38
121, 0, 0, 37, 37, 1, 0.06%, 0, 0, 2, 164.21, 20295, 38
126, 0, 0, 37, 37, 1, 0.06%, 0, 0, 2, 163.57, 21129, 38
132, 0, 0, 37, 37, 1, 0.06%, 0, 0, 2, 159.91, 21936, 38
137, 0, 0, 37, 37, 1, 0.06%, 0, 0, 2, 168.73, 22791, 38
142, 0, 0, 37, 37, 1, 0.06%, 0, 0, 2, 164.71, 23610, 38
147, 0, 0, 38, 38, 1, 0.06%, 0, 0, 2, 166.73, 24454, 40
152, 0, 0, 39, 39, 1, 0.06%, 0, 0, 2, 160.28, 25280, 40
157, 0, 0, 39, 39, 1, 0.06%, 0, 0, 2, 162.97, 26088, 40
162, 0, 0, 39, 39, 1, 0.06%, 0, 0, 2, 160.70, 26889, 40
167, 0, 0, 39, 39, 1, 0.06%, 0, 0, 2, 156.10, 27669, 40
172, 0, 0, 39, 39, 1, 0.06%, 0, 0, 2, 154.05, 28449, 40
177, 0, 0, 39, 39, 1, 0.06%, 0, 0, 2, 157.71, 29247, 40
182, 0, 0, 39, 39, 1, 0.06%, 0, 0, 2, 156.75, 30036, 40
187, 0, 0, 39, 39, 1, 0.06%, 0, 0, 2, 162.62, 30861, 40
192, 0, 0, 39, 39, 1, 0.06%, 0, 0, 2, 166.55, 31704, 40
197, 0, 0, 39, 39, 1, 0.06%, 0, 0, 2, 166.88, 32547, 40
202, 0, 0, 39, 39, 1, 0.06%, 0, 0, 2, 150.94, 33312, 40
207, 0, 0, 39, 39, 1, 0.06%, 0, 0, 2, 164.70, 34173, 40
212, 0, 0, 39, 39, 1, 0.06%, 0, 0, 2, 162.38, 35013, 40
218, 0, 0, 39, 39, 1, 0.06%, 0, 0, 2, 162.52, 35841, 40
223, 0, 0, 39, 39, 1, 0.06%, 0, 0, 2, 168.14, 36684, 40
228, 0, 0, 39, 39, 1, 0.06%, 0, 0, 2, 164.76, 37527, 40
233, 0, 0, 39, 39, 1, 0.06%, 0, 0, 2, 162.16, 38337, 40
238, 0, 0, 39, 39, 1, 0.06%, 0, 0, 2, 164.68, 39177, 40
243, 0, 0, 39, 39, 1, 0.06%, 0, 0, 2, 166.40, 40023, 40
248, 0, 0, 40, 40, 1, 0.06%, 0, 0, 2, 169.33, 40912, 40
253, 0, 0, 40, 40, 1, 0.06%, 0, 0, 2, 167.02, 41773, 40
258, 0, 0, 40, 40, 1, 0.06%, 0, 0, 2, 162.66, 42598, 40
264, 0, 0, 40, 40, 1, 0.06%, 0, 0, 2, 163.82, 43423, 40
269, 0, 0, 40, 40, 1, 0.06%, 0, 0, 2, 170.32, 44308, 40
274, 0, 0, 40, 40, 1, 0.06%, 0, 0, 2, 163.73, 45109, 40
279, 0, 0, 40, 40, 1, 0.06%, 0, 0, 2, 164.65, 45937, 40
284, 0, 0, 40, 40, 1, 0.06%, 0, 0, 2, 167.27, 46780, 40
289, 0, 0, 40, 40, 1, 0.06%, 0, 0, 2, 158.25, 47596, 40
294, 0, 0, 40, 40, 1, 0.06%, 0, 0, 2, 160.45, 48412, 40
299, 0, 0, 40, 40, 1, 0.06%, 0, 0, 2, 161.53, 49237, 40
304, 0, 0, 40, 40, 1, 0.06%, 0, 0, 2, 159.97, 50041, 40
309, 0, 0, 40, 40, 1, 0.06%, 0, 0, 2, 162.63, 50872, 40
314, 0, 0, 40, 40, 1, 0.06%, 0, 0, 2, 159.90, 51673, 40
319, 0, 37, 40, 38, 2, 0.06%, 0, 0, 2, 177.87, 52566, 40
324, 0, 44, 45, 41, 1, 0.08%, 0, 0, 4, 160.00, 53361, 52
329, 0, 19, 45, 38, 0, 0.08%, 0, 0, 4, 167.30, 54211, 52
334, 0, 10, 46, 37, 0, 0.08%, 0, 0, 4, 171.18, 55074, 52
340, 0, 10, 46, 36, 0, 0.08%, 0, 0, 4, 179.24, 55998, 52
345, 0, 13, 47, 36, 0, 0.08%, 0, 0, 4, 180.76, 56872, 52
350, 0, 32, 48, 35, 0, 0.08%, 0, 0, 4, 163.56, 57635, 52
355, 0, 40, 48, 33, 0, 0.08%, 0, 0, 4, 165.46, 58447, 52
360, 0, 8, 48, 33, 0, 0.08%, 1, 0, 4, 188.85, 59429, 52
365, 0, 44, 52, 36, 0, 0.09%, 1, 0, 5, 96.22, 60032, 57
370, 0, 44, 52, 36, 0, 0.09%, 1, 0, 5, 71.74, 60475, 57
375, 0, 44, 52, 36, 0, 0.09%, 1, 0, 5, 104.55, 61049, 57
380, 0, 44, 52, 36, 0, 0.09%, 1, 0, 5, 133.24, 61737, 57
385, 0, 51, 52, 36, 3, 0.09%, 1, 0, 5, 82.69, 62486, 57
390, 0, 39, 52, 33, 0, 0.09%, 1, 0, 5, 143.49, 63379, 57
395, 0, 51, 52, 32, 0, 0.09%, 1, 0, 5, 140.04, 63987, 57
400, 0, 7, 52, 32, 0, 0.09%, 1, 0, 5, 148.66, 64715, 57
405, 0, 51, 52, 31, 0, 0.09%, 1, 0, 5, 26.26, 65405, 57
411, 0, 28, 52, 30, 0, 0.09%, 1, 0, 5, 150.11, 66293, 57
416, 0, 42, 52, 28, 0, 0.09%, 1, 0, 5, 160.08, 67134, 57
421, 0, 10, 52, 27, 0, 0.09%, 1, 0, 5, 170.42, 67998, 57
426, 0, 51, 52, 26, 0, 0.09%, 1, 0, 5, 131.04, 68635, 57
431, 0, 23, 52, 26, 0, 0.09%, 1, 0, 5, 162.65, 69502, 57
436, 1, 2, 52, 24, 0, 0.09%, 1, 0, 5, 215.25, 70717, 57
441, 1, 49, 52, 23, 0, 0.09%, 1, 0, 5, 180.54, 71591, 57
446, 1, 41, 52, 21, 0, 0.09%, 1, 0, 5, 178.63, 72479, 57
451, 1, 5, 52, 19, 0, 0.09%, 1, 0, 5, 175.55, 73360, 57
456, 1, 17, 52, 18, 0, 0.09%, 1, 0, 5, 169.69, 74230, 57
461, 1, 31, 52, 14, 0, 0.09%, 1, 0, 5, 184.61, 75213, 57
467, 1, 50, 52, 12, 0, 0.09%, 1, 0, 5, 176.30, 76082, 57
472, 1, 51, 52, 12, 0, 0.09%, 1, 0, 5, 158.86, 76882, 57
477, 1, 5, 52, 12, 0, 0.09%, 1, 0, 5, 175.76, 77788, 57
482, 1, 51, 52, 12, 0, 0.09%, 1, 0, 5, 172.66, 78665, 57
487, 1, 51, 52, 12, 0, 0.09%, 1, 0, 5, 153.10, 79464, 57
492, 1, 3, 52, 11, 0, 0.09%, 1, 0, 5, 153.27, 80251, 57
497, 1, 46, 52, 8, 0, 0.09%, 1, 0, 5, 163.79, 81114, 57
500, 1, 46, 52, 8, 0, 0.09%, 1, 0, 5, 135.54, 81449, 57
