# relative_time, cycles_done, cur_item, corpus_count, pending_total, pending_favs, map_size, saved_crashes, saved_hangs, max_depth, execs_per_sec, total_execs, edges_found
61, 0, 0, 41, 41, 1, 0.06%, 0, 0, 2, 4.28, 9961, 42
66, 0, 0, 41, 41, 1, 0.06%, 0, 0, 2, 114.03, 10502, 42
71, 0, 0, 41, 41, 1, 0.06%, 0, 0, 2, 171.42, 11449, 42
76, 0, 0, 41, 41, 1, 0.06%, 0, 0, 2, 185.68, 12382, 42
81, 0, 0, 41, 41, 1, 0.06%, 0, 0, 2, 196.03, 13357, 42
86, 0, 0, 41, 41, 1, 0.06%, 0, 0, 2, 192.98, 14347, 42
91, 0, 0, 42, 42, 1, 0.06%, 0, 0, 2, 187.39, 15266, 42
96, 0, 0, 42, 42, 1, 0.06%, 0, 0, 2, 195.76, 16253, 42
101, 0, 0, 42, 42, 1, 0.06%, 0, 0, 2, 186.72, 17186, 42
106, 0, 0, 42, 42, 1, 0.06%, 0, 0, 2, 182.98, 18155, 42
111, 0, 0, 42, 42, 1, 0.06%, 0, 0, 2, 183.85, 19079, 42
116, 0, 0, 42, 42, 1, 0.06%, 0, 0, 2, 180.80, 19979, 42
121, 0, 0, 42, 42, 1, 0.06%, 0, 0, 2, 195.13, 20951, 42
126, 0, 0, 42, 42, 1, 0.06%, 0, 0, 2, 129.65, 21573, 42
131, 0, 0, 42, 42, 1, 0.06%, 0, 0, 2, 154.64, 22328, 42
137, 0, 0, 42, 42, 1, 0.06%, 0, 0, 2, 171.82, 23249, 42
142, 0, 0, 42, 42, 1, 0.06%, 0, 0, 2, 181.95, 24182, 42
147, 0, 0, 42, 42, 1, 0.06%, 0, 0, 2, 181.46, 25124, 42
152, 0, 0, 42, 42, 1, 0.06%, 0, 0, 2, 184.45, 25979, 42
157, 0, 0, 42, 42, 1, 0.06%, 0, 0, 2, 188.62, 26948, 42
162, 0, 0, 42, 42, 1, 0.06%, 0, 0, 2, 186.09, 27875, 42
167, 0, 0, 42, 42, 1, 0.06%, 0, 0, 2, 191.12, 28850, 42
172, 0, 0, 42, 42, 1, 0.06%, 0, 0, 2, 187.09, 29807, 42
177, 0, 0, 42, 42, 1, 0.06%, 0, 0, 2, 170.34, 30653, 42
182, 0, 0, 42, 42, 1, 0.06%, 0, 0, 2, 187.19, 31520, 42
187, 0, 0, 42, 42, 1, 0.06%, 0, 0, 2, 203.45, 32561, 42
193, 0, 0, 42, 42, 1, 0.06%, 0, 0, 2, 206.83, 33621, 42
198, 0, 0, 42, 42, 1, 0.06%, 0, 0, 2, 203.72, 34685, 42
203, 0, 0, 42, 42, 1, 0.06%, 0, 0, 2, 184.87, 35591, 42
208, 0, 0, 42, 42, 1, 0.06%, 0, 0, 2, 36.77, 36062, 42
213, 0, 0, 42, 42, 1, 0.06%, 0, 0, 2, 126.46, 36483, 42
218, 0, 0, 42, 42, 1, 0.06%, 0, 0, 2, 170.85, 37412, 42
223, 0, 0, 42, 42, 1, 0.06%, 0, 0, 2, 23.65, 37752, 42
228, 0, 0, 42, 42, 1, 0.06%, 0, 0, 2, 100.99, 38245, 42
233, 0, 0, 42, 42, 1, 0.06%, 0, 0, 2, 157.49, 39116, 42
238, 0, 0, 42, 42, 1, 0.06%, 0, 0, 2, 178.84, 40043, 42
243, 0, 0, 42, 42, 1, 0.06%, 0, 0, 2, 184.09, 40976, 42
249, 0, 0, 42, 42, 1, 0.06%, 0, 0, 2, 189.93, 41972, 42
254, 0, 0, 42, 42, 1, 0.06%, 0, 0, 2, 193.48, 42941, 42
259, 0, 0, 43, 43, 1, 0.07%, 0, 0, 2, 50.91, 43516, 43
264, 0, 0, 43, 43, 1, 0.07%, 0, 0, 2, 140.36, 44184, 43
269, 0, 0, 43, 43, 1, 0.07%, 0, 0, 2, 60.19, 45013, 43
274, 0, 0, 43, 43, 1, 0.07%, 0, 0, 2, 51.12, 45238, 43
279, 0, 0, 43, 43, 1, 0.07%, 0, 0, 2, 136.62, 46007, 43
284, 0, 0, 43, 43, 1, 0.07%, 0, 0, 2, 171.36, 46927, 43
290, 0, 0, 43, 43, 1, 0.07%, 0, 0, 2, 186.82, 47917, 43
295, 0, 0, 43, 43, 1, 0.07%, 0, 0, 2, 196.12, 48921, 43
300, 0, 0, 43, 43, 1, 0.07%, 0, 0, 2, 158.19, 49666, 43
305, 0, 0, 43, 43, 1, 0.07%, 0, 0, 2, 188.05, 50548, 43
310, 0, 0, 43, 43, 1, 0.07%, 0, 0, 2, 185.00, 51484, 43
315, 0, 4, 43, 42, 5, 0.07%, 0, 0, 2, 53.14, 52217, 43
320, 0, 5, 43, 41, 4, 0.07%, 0, 0, 2, 41.41, 52427, 43
325, 0, 7, 43, 39, 2, 0.07%, 0, 0, 2, 126.50, 53174, 43
331, 0, 42, 43, 38, 1, 0.07%, 0, 0, 2, 17.22, 53419, 43
336, 0, 42, 44, 39, 1, 0.07%, 0, 0, 3, 73.17, 53558, 45
341, 0, 43, 47, 41, 1, 0.07%, 0, 0, 4, 112.89, 54213, 47
346, 0, 43, 48, 42, 1, 0.07%, 0, 0, 4, 147.89, 54964, 48
351, 0, 43, 48, 42, 1, 0.07%, 0, 0, 4, 146.52, 55652, 48
356, 0, 48, 50, 42, 1, 0.09%, 0, 0, 6, 156.57, 56490, 56
361, 0, 45, 50, 40, 0, 0.09%, 1, 0, 6, 151.76, 57245, 56
366, 0, 24, 50, 38, 0, 0.09%, 1, 0, 6, 129.82, 58011, 56
371, 0, 49, 51, 38, 0, 0.09%, 1, 0, 7, 133.44, 58736, 57
377, 0, 50, 51, 38, 1, 0.09%, 1, 0, 7, 151.85, 59513, 57
382, 0, 50, 51, 36, 0, 0.09%, 1, 0, 7, 151.20, 60247, 57
387, 0, 42, 51, 36, 0, 0.09%, 1, 0, 7, 157.19, 61057, 57
392, 0, 12, 51, 36, 0, 0.09%, 1, 0, 7, 186.20, 62018, 57
397, 0, 44, 51, 35, 0, 0.09%, 1, 0, 7, 160.34, 62830, 57
402, 0, 48, 51, 33, 0, 0.09%, 1, 0, 7, 173.18, 63689, 57
407, 0, 39, 51, 32, 0, 0.09%, 1, 0, 7, 172.98, 64615, 57
412, 0, 2, 51, 32, 0, 0.09%, 1, 0, 7, 172.08, 65489, 57
417, 0, 4, 51, 30, 0, 0.09%, 1, 0, 7, 174.22, 66384, 57
423, 0, 41, 51, 30, 0, 0.09%, 1, 0, 7, 182.26, 67334, 57
428, 0, 42, 51, 29, 0, 0.09%, 1, 0, 7, 167.14, 68196, 57
433, 0, 50, 51, 28, 0, 0.09%, 1, 0, 7, 140.55, 68874, 57
438, 0, 50, 53, 30, 0, 0.09%, 1, 0, 8, 147.80, 69630, 57
443, 0, 42, 53, 30, 0, 0.09%, 1, 0, 8, 160.46, 70391, 57
448, 0, 50, 53, 28, 0, 0.09%, 1, 0, 8, 157.94, 71215, 57
453, 0, 33, 53, 28, 0, 0.09%, 1, 0, 8, 161.46, 72044, 57
458, 0, 50, 53, 26, 0, 0.09%, 1, 0, 8, 149.19, 72778, 57
463, 0, 4, 53, 26, 0, 0.09%, 1, 0, 8, 154.54, 73585, 57
468, 0, 50, 53, 26, 0, 0.09%, 1, 0, 8, 152.64, 74340, 57
473, 0, 50, 53, 26, 0, 0.09%, 1, 0, 8, 146.74, 75059, 57
478, 0, 33, 53, 26, 0, 0.09%, 1, 0, 8, 157.65, 75870, 57
483, 0, 16, 53, 25, 0, 0.09%, 1, 0, 8, 153.79, 76627, 57
489, 1, 46, 53, 23, 0, 0.09%, 1, 0, 8, 162.90, 77478, 57
494, 1, 25, 53, 22, 0, 0.09%, 1, 0, 8, 170.93, 78342, 57
499, 1, 51, 54, 22, 0, 0.09%, 1, 0, 9, 108.87, 78817, 57
504, 1, 51, 54, 22, 0, 0.09%, 1, 0, 9, 115.83, 79381, 57
509, 1, 32, 55, 21, 0, 0.09%, 1, 0, 9, 124.37, 80051, 57
514, 1, 52, 55, 20, 0, 0.09%, 1, 0, 9, 57.16, 80567, 57
519, 1, 35, 55, 19, 0, 0.09%, 1, 0, 9, 103.99, 81235, 57
524, 1, 39, 55, 17, 0, 0.09%, 1, 0, 9, 14.13, 81736, 57
529, 1, 18, 55, 17, 0, 0.09%, 1, 0, 9, 124.78, 82278, 57
534, 1, 22, 55, 14, 0, 0.09%, 1, 0, 9, 131.39, 82937, 57
539, 1, 36, 55, 12, 0, 0.09%, 1, 0, 9, 131.60, 83592, 57
544, 1, 4, 55, 11, 0, 0.09%, 1, 0, 9, 136.12, 84289, 57
549, 1, 54, 55, 11, 0, 0.09%, 1, 0, 9, 70.17, 84790, 57
555, 1, 37, 55, 9, 0, 0.09%, 1, 0, 9, 136.96, 85589, 57
560, 1, 50, 55, 9, 0, 0.09%, 1, 0, 9, 160.01, 86388, 57
565, 1, 7, 55, 8, 0, 0.09%, 1, 0, 9, 160.72, 87190, 57
570, 1, 42, 55, 7, 0, 0.09%, 1, 0, 9, 181.78, 88130, 57
575, 1, 50, 55, 5, 0, 0.09%, 1, 0, 9, 160.95, 88916, 57
580, 1, 7, 55, 5, 0, 0.09%, 1, 0, 9, 168.17, 89734, 57
585, 1, 4, 55, 5, 0, 0.09%, 1, 0, 9, 166.24, 90560, 57
590, 1, 50, 55, 3, 0, 0.09%, 1, 0, 9, 154.78, 91380, 57
595, 1, 32, 55, 3, 0, 0.09%, 1, 0, 9, 167.18, 92245, 57
600, 1, 28, 55, 2, 0, 0.09%, 1, 0, 9, 152.60, 92987, 57
605, 1, 7, 56, 2, 0, 0.09%, 1, 0, 9, 158.38, 93783, 57
610, 1, 39, 56, 2, 0, 0.09%, 1, 0, 9, 157.12, 94577, 57
615, 1, 50, 57, 3, 0, 0.09%, 1, 0, 9, 124.21, 95160, 57
620, 1, 53, 57, 3, 0, 0.09%, 1, 0, 9, 128.50, 95815, 57
626, 1, 53, 58, 4, 0, 0.09%, 1, 0, 10, 109.33, 96331, 57
631, 1, 53, 58, 4, 0, 0.09%, 1, 0, 10, 137.15, 96995, 57
636, 1, 18, 58, 3, 0, 0.09%, 1, 0, 10, 141.39, 97739, 57
641, 1, 42, 58, 3, 0, 0.09%, 1, 0, 10, 139.56, 98463, 57
646, 1, 50, 59, 4, 0, 0.09%, 1, 0, 10, 137.81, 99175, 57
651, 1, 57, 59, 4, 0, 0.09%, 1, 0, 10, 88.03, 99614, 57
656, 1, 57, 59, 4, 0, 0.09%, 1, 0, 10, 109.56, 100131, 57
661, 1, 8, 59, 3, 0, 0.09%, 1, 0, 10, 132.26, 100853, 57
666, 1, 42, 59, 2, 0, 0.09%, 1, 0, 10, 131.61, 101468, 57
672, 2, 58, 59, 1, 0, 0.09%, 4, 0, 10, 138.64, 102156, 57
677, 2, 56, 59, 1, 0, 0.09%, 4, 0, 10, 97.02, 102644, 57
682, 2, 50, 59, 0, 0, 0.09%, 4, 0, 10, 121.24, 103274, 57
687, 2, 50, 59, 0, 0, 0.09%, 4, 0, 10, 131.06, 103946, 57
692, 2, 7, 59, 0, 0, 0.09%, 4, 0, 10, 147.65, 104707, 57
697, 2, 23, 59, 0, 0, 0.09%, 4, 0, 10, 135.58, 105381, 57
702, 2, 50, 59, 0, 0, 0.09%, 4, 0, 10, 134.19, 106088, 57
707, 2, 7, 59, 0, 0, 0.09%, 4, 0, 10, 151.23, 106847, 57
712, 2, 50, 59, 0, 0, 0.09%, 4, 0, 10, 135.56, 107556, 57
717, 2, 50, 59, 0, 0, 0.09%, 4, 0, 10, 137.40, 108250, 57
723, 2, 50, 59, 0, 0, 0.09%, 4, 0, 10, 127.07, 108903, 57
728, 2, 50, 59, 0, 0, 0.09%, 4, 0, 10, 121.76, 109511, 57
733, 2, 7, 59, 0, 0, 0.09%, 4, 0, 10, 136.20, 110214, 57
738, 2, 14, 59, 0, 0, 0.09%, 4, 0, 10, 142.81, 110984, 57
743, 2, 42, 59, 0, 0, 0.09%, 4, 0, 10, 136.82, 111706, 57
748, 2, 4, 59, 0, 0, 0.09%, 4, 0, 10, 152.75, 112507, 57
753, 2, 7, 59, 0, 0, 0.09%, 4, 0, 10, 147.79, 113212, 57
758, 2, 7, 59, 0, 0, 0.09%, 4, 0, 10, 155.29, 114006, 57
763, 2, 50, 59, 0, 0, 0.09%, 4, 0, 10, 131.18, 114634, 57
769, 2, 8, 59, 0, 0, 0.09%, 4, 0, 10, 138.80, 115388, 57
774, 2, 42, 59, 0, 0, 0.09%, 4, 0, 10, 137.98, 116160, 57
779, 2, 50, 59, 0, 0, 0.09%, 4, 0, 10, 143.44, 116874, 57
784, 2, 50, 59, 0, 0, 0.09%, 4, 0, 10, 125.47, 117503, 57
789, 2, 50, 59, 0, 0, 0.09%, 4, 0, 10, 133.69, 118163, 57
794, 2, 42, 59, 0, 0, 0.09%, 4, 0, 10, 126.47, 118778, 57
799, 2, 51, 59, 0, 0, 0.09%, 4, 0, 10, 115.71, 119394, 57
804, 2, 51, 59, 0, 0, 0.09%, 4, 0, 10, 131.65, 120064, 57
809, 2, 7, 59, 0, 0, 0.09%, 4, 0, 10, 143.35, 120800, 57
814, 2, 20, 59, 0, 0, 0.09%, 4, 0, 10, 143.93, 121515, 57
819, 2, 50, 59, 0, 0, 0.09%, 4, 0, 10, 139.13, 122214, 57
824, 2, 50, 59, 0, 0, 0.09%, 4, 0, 10, 145.27, 122971, 57
829, 2, 50, 59, 0, 0, 0.09%, 4, 0, 10, 146.34, 123619, 57
