# relative_time, cycles_done, cur_item, corpus_count, pending_total, pending_favs, map_size, saved_crashes, saved_hangs, max_depth, execs_per_sec, total_execs, edges_found
61, 0, 0, 135, 135, 1, 0.70%, 0, 0, 2, 164.76, 9017, 460
66, 0, 0, 136, 136, 1, 0.70%, 0, 0, 2, 164.22, 9861, 461
71, 0, 0, 145, 145, 1, 0.70%, 0, 0, 2, 171.95, 10734, 461
76, 0, 0, 145, 145, 1, 0.70%, 0, 0, 2, 168.94, 11607, 461
81, 0, 0, 145, 145, 1, 0.70%, 0, 0, 2, 167.23, 12489, 461
86, 0, 0, 170, 170, 1, 0.70%, 0, 0, 2, 135.53, 13146, 462
91, 0, 0, 190, 190, 1, 0.71%, 0, 0, 2, 119.34, 13721, 463
96, 0, 0, 204, 204, 1, 0.71%, 0, 0, 2, 118.12, 14317, 464
101, 0, 0, 213, 213, 1, 0.71%, 0, 0, 2, 114.16, 14902, 465
107, 0, 0, 218, 218, 1, 0.71%, 0, 0, 2, 111.62, 15469, 465
112, 0, 0, 224, 224, 1, 0.71%, 0, 0, 2, 109.48, 16019, 465
117, 0, 0, 227, 227, 1, 0.71%, 0, 0, 2, 115.97, 16626, 465
122, 0, 0, 228, 228, 1, 0.71%, 0, 0, 2, 115.91, 17223, 465
127, 0, 0, 228, 228, 1, 0.71%, 0, 0, 2, 111.16, 17783, 465
132, 0, 0, 230, 230, 1, 0.71%, 0, 0, 2, 111.65, 18341, 465
137, 0, 0, 234, 234, 1, 0.71%, 0, 0, 2, 112.56, 18915, 465
142, 0, 0, 238, 238, 1, 0.71%, 0, 0, 2, 110.41, 19481, 465
147, 0, 0, 239, 239, 1, 0.71%, 0, 0, 2, 110.48, 20034, 465
152, 0, 0, 240, 240, 1, 0.71%, 0, 0, 2, 111.05, 20589, 465
157, 0, 0, 240, 240, 1, 0.71%, 0, 0, 2, 106.61, 21125, 465
162, 0, 0, 242, 242, 1, 0.71%, 0, 0, 2, 108.86, 21675, 465
167, 0, 0, 243, 243, 1, 0.71%, 0, 0, 2, 109.92, 22224, 465
173, 0, 0, 244, 244, 1, 0.71%, 0, 0, 2, 107.97, 22783, 465
178, 0, 0, 246, 246, 1, 0.71%, 0, 0, 2, 106.98, 23315, 466
183, 0, 0, 247, 247, 1, 0.71%, 0, 0, 2, 106.68, 23854, 466
188, 0, 0, 250, 250, 1, 0.71%, 0, 0, 2, 109.06, 24410, 466
193, 0, 0, 250, 250, 1, 0.71%, 0, 0, 2, 109.47, 24953, 466
198, 0, 0, 252, 252, 1, 0.71%, 0, 0, 2, 109.66, 25505, 466
203, 0, 0, 253, 253, 1, 0.71%, 0, 0, 2, 106.42, 26030, 466
208, 0, 0, 255, 255, 1, 0.71%, 0, 0, 2, 108.72, 26582, 466
213, 0, 0, 256, 256, 1, 0.71%, 0, 0, 2, 113.70, 27169, 466
218, 0, 0, 256, 256, 1, 0.71%, 0, 0, 2, 114.76, 27741, 466
223, 0, 0, 257, 257, 1, 0.71%, 0, 0, 2, 111.27, 28314, 466
228, 0, 0, 258, 258, 1, 0.71%, 0, 0, 2, 116.10, 28895, 466
233, 0, 0, 258, 258, 1, 0.71%, 0, 0, 2, 110.96, 29449, 466
239, 0, 0, 258, 258, 1, 0.71%, 0, 0, 2, 140.85, 30161, 466
244, 0, 0, 258, 258, 1, 0.71%, 0, 0, 2, 130.70, 30843, 466
249, 0, 0, 258, 258, 1, 0.71%, 0, 0, 2, 117.05, 31420, 466
254, 0, 0, 260, 260, 1, 0.71%, 0, 0, 2, 109.91, 31980, 466
259, 0, 0, 261, 261, 1, 0.71%, 0, 0, 2, 113.74, 32559, 466
264, 0, 0, 261, 261, 1, 0.71%, 0, 0, 2, 109.13, 33117, 466
269, 0, 0, 261, 261, 1, 0.71%, 0, 0, 2, 118.13, 33711, 466
274, 0, 0, 262, 262, 1, 0.71%, 0, 0, 2, 110.92, 34267, 466
279, 0, 0, 262, 262, 1, 0.71%, 0, 0, 2, 114.93, 34875, 466
285, 0, 0, 262, 262, 1, 0.71%, 0, 0, 2, 112.61, 35453, 466
290, 0, 0, 262, 262, 1, 0.71%, 0, 0, 2, 111.31, 36037, 466
295, 0, 0, 262, 262, 1, 0.71%, 0, 0, 2, 110.41, 36601, 466
300, 0, 0, 263, 263, 1, 0.71%, 0, 0, 2, 114.37, 37192, 466
305, 0, 0, 263, 263, 1, 0.71%, 0, 0, 2, 112.09, 37760, 466
310, 0, 0, 263, 263, 1, 0.71%, 0, 0, 2, 111.07, 38326, 466
315, 0, 0, 263, 263, 1, 0.71%, 0, 0, 2, 110.34, 38880, 466
320, 0, 0, 273, 273, 1, 0.71%, 0, 0, 2, 110.49, 39450, 466
325, 0, 0, 278, 278, 1, 0.71%, 0, 0, 2, 103.68, 39973, 468
331, 0, 0, 282, 282, 1, 0.71%, 0, 0, 2, 104.11, 40515, 468
337, 0, 143, 288, 287, 52, 0.72%, 0, 0, 2, 3.43, 41021, 471
342, 0, 288, 289, 287, 48, 0.73%, 16, 0, 3, 122.69, 41705, 479
348, 0, 288, 289, 287, 48, 0.73%, 16, 0, 3, 137.42, 42418, 479
353, 0, 288, 289, 287, 48, 0.73%, 16, 0, 3, 158.93, 43251, 479
358, 0, 288, 289, 287, 48, 0.73%, 17, 0, 3, 150.39, 44003, 479
363, 0, 288, 300, 298, 48, 0.73%, 18, 0, 4, 117.33, 44573, 481
368, 0, 288, 306, 304, 48, 0.73%, 18, 0, 4, 102.94, 45093, 481
373, 0, 288, 312, 310, 48, 0.73%, 18, 0, 4, 103.61, 45619, 481
378, 0, 293, 312, 309, 50, 0.73%, 18, 0, 4, 123.91, 46213, 481
383, 0, 293, 312, 309, 50, 0.73%, 18, 0, 4, 141.31, 46968, 481
389, 0, 293, 312, 309, 50, 0.73%, 18, 0, 4, 145.56, 47722, 481
394, 0, 293, 314, 311, 50, 0.73%, 18, 0, 5, 133.33, 48432, 481
399, 0, 80, 314, 310, 49, 0.73%, 18, 0, 5, 132.63, 49114, 481
404, 0, 314, 316, 311, 50, 0.73%, 18, 0, 5, 143.65, 49806, 481
409, 0, 314, 317, 312, 50, 0.73%, 18, 0, 5, 133.98, 50518, 481
414, 0, 319, 322, 316, 50, 0.73%, 18, 0, 5, 162.98, 51375, 481
419, 0, 78, 324, 317, 49, 0.73%, 18, 0, 5, 164.15, 52127, 481
424, 0, 259, 326, 318, 48, 0.73%, 18, 0, 5, 140.15, 52815, 481
430, 0, 259, 326, 318, 48, 0.73%, 18, 0, 5, 145.96, 53572, 481
435, 0, 97, 327, 318, 47, 0.73%, 19, 0, 5, 151.90, 54319, 481
440, 0, 329, 330, 320, 47, 0.73%, 22, 0, 5, 131.74, 54968, 481
445, 0, 329, 331, 321, 47, 0.74%, 22, 0, 5, 155.93, 55804, 482
450, 0, 290, 332, 320, 46, 0.74%, 26, 0, 5, 140.74, 56467, 482
455, 0, 290, 333, 321, 46, 0.74%, 27, 0, 5, 138.48, 57224, 482
460, 0, 111, 333, 320, 43, 0.74%, 27, 0, 5, 160.02, 58018, 482
465, 0, 333, 334, 320, 43, 0.74%, 27, 0, 5, 143.74, 58737, 482
470, 0, 333, 336, 322, 43, 0.74%, 27, 0, 5, 157.49, 59468, 485
475, 0, 333, 337, 323, 43, 0.74%, 27, 0, 5, 167.69, 60390, 485
481, 0, 333, 338, 324, 43, 0.74%, 27, 0, 5, 190.15, 61360, 485
486, 0, 335, 338, 323, 44, 0.74%, 27, 0, 5, 140.54, 62032, 485
491, 0, 335, 338, 323, 44, 0.74%, 27, 0, 5, 137.91, 62726, 485
496, 0, 320, 345, 329, 43, 0.74%, 28, 0, 5, 111.80, 63275, 485
501, 0, 320, 345, 329, 43, 0.74%, 28, 0, 5, 131.76, 63975, 485
506, 0, 226, 346, 329, 42, 0.74%, 28, 0, 5, 127.36, 64610, 485
511, 0, 226, 346, 329, 42, 0.74%, 28, 0, 5, 128.36, 65298, 485
517, 0, 82, 346, 328, 41, 0.74%, 28, 0, 5, 126.79, 65940, 485
522, 0, 199, 346, 327, 40, 0.74%, 28, 0, 5, 129.38, 66614, 485
527, 0, 199, 346, 327, 40, 0.74%, 28, 0, 5, 137.80, 67346, 485
532, 0, 103, 346, 326, 39, 0.74%, 28, 0, 5, 134.59, 68020, 485
537, 0, 40, 346, 325, 38, 0.74%, 28, 0, 5, 132.23, 68724, 485
542, 0, 40, 346, 325, 38, 0.74%, 28, 0, 5, 136.09, 69428, 485
547, 0, 262, 346, 324, 37, 0.74%, 29, 0, 5, 126.35, 70036, 485
553, 0, 262, 346, 324, 37, 0.74%, 29, 0, 5, 126.33, 70706, 485
558, 0, 258, 346, 323, 36, 0.74%, 29, 0, 5, 140.60, 71440, 485
563, 0, 102, 346, 322, 35, 0.74%, 30, 0, 5, 134.60, 72110, 485
568, 0, 102, 346, 322, 35, 0.74%, 30, 0, 5, 132.72, 72792, 485
573, 0, 77, 346, 321, 34, 0.74%, 30, 0, 5, 141.32, 73482, 485
578, 0, 348, 349, 323, 33, 0.74%, 30, 0, 5, 129.65, 74107, 486
583, 0, 348, 349, 323, 33, 0.74%, 30, 0, 5, 132.15, 74819, 486
588, 0, 284, 350, 323, 32, 0.74%, 30, 0, 5, 128.81, 75464, 486
593, 0, 84, 350, 322, 31, 0.74%, 31, 0, 5, 129.82, 76088, 486
598, 0, 351, 352, 323, 31, 0.74%, 31, 0, 5, 123.64, 76756, 486
604, 0, 351, 352, 323, 31, 0.74%, 31, 0, 5, 137.63, 77474, 486
609, 0, 74, 352, 322, 30, 0.74%, 31, 0, 5, 135.77, 78138, 486
614, 0, 74, 353, 323, 30, 0.74%, 31, 0, 5, 123.71, 78789, 486
619, 0, 352, 353, 322, 30, 0.74%, 31, 0, 5, 140.16, 79527, 486
624, 0, 280, 353, 321, 29, 0.74%, 31, 0, 5, 130.64, 80190, 486
630, 0, 280, 353, 321, 29, 0.74%, 31, 0, 5, 128.92, 80874, 486
635, 0, 269, 353, 320, 28, 0.74%, 31, 0, 5, 150.89, 81660, 486
640, 0, 43, 353, 319, 27, 0.74%, 31, 0, 5, 130.88, 82312, 486
645, 0, 43, 354, 320, 27, 0.74%, 31, 0, 5, 120.05, 82939, 486
650, 0, 32, 354, 319, 26, 0.74%, 32, 0, 5, 126.48, 83585, 486
655, 0, 86, 354, 318, 25, 0.74%, 32, 0, 5, 115.63, 84177, 486
660, 0, 86, 354, 318, 25, 0.74%, 32, 0, 5, 128.02, 84837, 486
666, 0, 347, 354, 317, 24, 0.74%, 32, 0, 5, 123.43, 85459, 486
671, 0, 347, 354, 317, 24, 0.74%, 32, 0, 5, 124.14, 86112, 486
676, 0, 140, 355, 317, 23, 0.74%, 32, 0, 5, 148.08, 86893, 486
681, 0, 108, 357, 316, 20, 0.74%, 33, 0, 5, 118.69, 87477, 486
686, 0, 108, 357, 316, 20, 0.74%, 33, 0, 5, 130.31, 88171, 486
691, 0, 309, 357, 315, 19, 0.74%, 33, 0, 5, 136.82, 88845, 486
696, 0, 309, 361, 319, 19, 0.74%, 33, 0, 5, 119.20, 89463, 486
701, 0, 309, 364, 322, 19, 0.74%, 33, 0, 5, 107.07, 89992, 486
706, 0, 309, 367, 325, 19, 0.74%, 33, 0, 5, 103.73, 90519, 486
711, 0, 309, 367, 325, 19, 0.74%, 33, 0, 5, 108.94, 91067, 486
717, 0, 309, 367, 325, 19, 0.74%, 33, 0, 5, 104.58, 91589, 486
722, 0, 309, 367, 325, 19, 0.74%, 33, 0, 5, 104.28, 92123, 486
727, 0, 309, 368, 326, 19, 0.74%, 33, 0, 5, 108.05, 92674, 486
732, 0, 309, 368, 326, 19, 0.74%, 34, 0, 5, 107.15, 93210, 486
737, 0, 309, 368, 326, 19, 0.74%, 34, 0, 5, 104.50, 93738, 486
742, 0, 309, 369, 327, 19, 0.74%, 34, 0, 5, 106.67, 94279, 486
747, 0, 309, 371, 329, 19, 0.74%, 34, 0, 5, 103.78, 94825, 487
752, 0, 309, 371, 329, 19, 0.74%, 34, 0, 5, 108.03, 95367, 487
757, 0, 367, 371, 328, 19, 0.74%, 34, 0, 5, 123.33, 95993, 487
762, 0, 369, 371, 327, 18, 0.74%, 34, 0, 5, 136.34, 96719, 487
768, 0, 363, 371, 326, 17, 0.74%, 34, 0, 5, 139.52, 97457, 487
773, 0, 363, 371, 326, 17, 0.74%, 34, 0, 5, 155.52, 98264, 487
778, 0, 363, 371, 326, 17, 0.74%, 34, 0, 5, 157.35, 99122, 487
783, 0, 105, 371, 325, 16, 0.74%, 34, 0, 5, 164.17, 99923, 487
788, 0, 124, 371, 324, 15, 0.74%, 34, 0, 5, 139.44, 100632, 487
793, 0, 124, 371, 324, 15, 0.74%, 34, 0, 5, 126.19, 101290, 487
798, 0, 289, 371, 323, 14, 0.74%, 34, 0, 5, 147.58, 102054, 487
803, 0, 64, 371, 322, 13, 0.74%, 35, 0, 5, 134.05, 102723, 487
809, 0, 64, 371, 322, 13, 0.74%, 35, 0, 5, 130.42, 103407, 487
814, 0, 362, 371, 321, 12, 0.74%, 36, 0, 5, 150.02, 104165, 487
819, 0, 371, 372, 321, 12, 0.74%, 36, 0, 6, 145.31, 104873, 487
824, 0, 357, 372, 320, 11, 0.74%, 36, 0, 6, 151.77, 105628, 487
829, 0, 297, 373, 320, 10, 0.74%, 37, 0, 6, 129.19, 106285, 487
834, 0, 90, 373, 319, 9, 0.74%, 37, 0, 6, 141.39, 107021, 487
840, 0, 334, 373, 318, 8, 0.74%, 38, 0, 6, 132.22, 107689, 487
845, 0, 334, 373, 318, 8, 0.74%, 38, 0, 6, 135.44, 108396, 487
850, 0, 261, 373, 317, 7, 0.74%, 39, 0, 6, 143.17, 109101, 487
855, 0, 180, 373, 316, 7, 0.74%, 40, 0, 6, 132.35, 109771, 487
860, 0, 180, 373, 316, 7, 0.74%, 40, 0, 6, 130.72, 110466, 487
865, 0, 244, 373, 315, 6, 0.74%, 40, 0, 6, 127.54, 111114, 487
870, 0, 244, 373, 315, 6, 0.74%, 42, 0, 6, 118.94, 111726, 487
876, 0, 366, 373, 314, 5, 0.74%, 42, 0, 6, 131.56, 112447, 487
881, 0, 209, 373, 313, 4, 0.74%, 42, 0, 6, 124.97, 113073, 487
886, 0, 209, 373, 313, 4, 0.74%, 44, 0, 6, 116.14, 113687, 487
891, 0, 76, 373, 312, 3, 0.74%, 44, 0, 6, 128.91, 114369, 487
896, 0, 196, 373, 311, 2, 0.74%, 44, 0, 6, 124.11, 114989, 487
901, 0, 196, 373, 311, 2, 0.74%, 45, 0, 6, 125.55, 115645, 487
907, 0, 330, 373, 310, 1, 0.74%, 45, 0, 6, 130.63, 116309, 487
912, 0, 371, 373, 309, 0, 0.74%, 45, 0, 6, 120.82, 116934, 487
917, 0, 363, 374, 310, 0, 0.74%, 45, 0, 7, 114.71, 117527, 487
922, 0, 374, 375, 311, 1, 0.74%, 45, 0, 7, 123.26, 118142, 487
927, 0, 374, 375, 311, 1, 0.74%, 45, 0, 7, 132.56, 118847, 487
932, 0, 344, 375, 310, 0, 0.74%, 45, 0, 7, 135.75, 119523, 487
937, 0, 344, 375, 310, 0, 0.74%, 45, 0, 7, 121.77, 120164, 487
943, 0, 18, 375, 309, 0, 0.74%, 45, 0, 7, 149.98, 120952, 487
948, 0, 24, 375, 308, 0, 0.74%, 45, 0, 7, 132.50, 121615, 487
953, 0, 24, 375, 308, 0, 0.74%, 45, 0, 7, 124.51, 122269, 487
958, 0, 358, 375, 307, 0, 0.74%, 45, 0, 7, 137.11, 123023, 487
963, 0, 150, 375, 306, 0, 0.74%, 45, 0, 7, 136.05, 123677, 487
968, 0, 289, 376, 306, 0, 0.74%, 45, 0, 7, 130.38, 124346, 487
973, 0, 375, 376, 306, 1, 0.74%, 45, 0, 7, 134.96, 125022, 487
978, 0, 334, 377, 306, 0, 0.74%, 46, 0, 7, 128.98, 125761, 487
984, 0, 35, 377, 306, 0, 0.74%, 46, 0, 7, 131.72, 126405, 487
989, 0, 375, 377, 305, 0, 0.74%, 46, 0, 7, 120.86, 127051, 487
994, 0, 366, 378, 306, 0, 0.74%, 46, 0, 7, 112.47, 127612, 487
999, 0, 134, 378, 306, 0, 0.74%, 46, 0, 7, 112.15, 128179, 487
1004, 0, 57, 380, 308, 0, 0.74%, 47, 0, 7, 116.54, 128759, 487
1009, 0, 57, 380, 308, 0, 0.74%, 47, 0, 7, 131.86, 129473, 487
1014, 0, 103, 381, 308, 0, 0.74%, 47, 0, 7, 116.90, 130052, 487
